4294967294,1457
4294967294,1081
4294967278,157
4294967278,152
4294967294,437
4294967278,388
4294967278,324
4294967279,535
4294967278,385
4294967278,75
4294967278,68
4294967279,74
4294967278,368
4294967278,233
4294967278,384
4294967279,351
4294967279,277
4294967278,135
4294967279,350
4294967279,516
4294967279,290
4294967279,267
4294967278,280
4294967279,349
946,6
946,5
946,4
946,2
946,1
4294967279,136
4294967279,348
4294967279,364
4294967278,298
4294967279,542
944,5
944,4
944,2
944,1
943,4
943,3
943,2
943,1
4294967294,421
4294967294,415
4294967294,180
4294967294,169
4294967294,118
4294967294,456
4294967294,1044
940,4
940,3
940,2
940,1
4294967278,216
4294967294,1456
4294967279,322
4294967278,323
4294967279,347
4294967278,358
4294967279,307
4294967278,383
4294967278,416
4294967278,289
4294967279,318
4294967279,345
4294967294,89
4294967294,1085
4294967294,1045
4294967294,961
4294967279,344
939,6
939,5
939,4
939,2
939,1
4294967278,430
4294967278,382
4294967278,0
4294967279,546
4294967294,186
4294967294,1082
4294967294,412
4294967294,175
4294967278,151
937,5
937,4
937,2
937,1
936,4
936,3
936,2
936,1
4294967278,256
4294967279,149
4294967278,387
933,4
933,3
933,2
933,1
4294967279,141
4294967294,1455
4294967279,310
4294967279,544
4294967279,573
4294967278,379
4294967278,133
4294967294,107
4294967294,471
4294967294,1037
4294967294,1084
4294967278,268
4294967278,336
4294967279,538
4294967279,572
4294967278,265
4294967279,266
4294967279,289
4294967279,264
4294967278,262
4294967279,365
4294967278,332
4294967279,321
4294967278,367
4294967278,254
4294967278,438
4294967279,134
4294967279,342
4294967278,307
4294967278,378
4294967279,249
4294967278,246
4294967279,341
4294967278,242
932,6
932,5
4294967278,240
932,4
932,2
932,1
4294967278,239
4294967278,377
4294967294,451
4294967279,234
4294967279,294
4294967279,230
4294967279,328
4294967278,228
4294967278,279
4294967279,228
4294967278,226
4294967279,222
4294967278,306
4294967279,340
4294967278,211
4294967278,210
4294967279,210
4294967278,208
930,5
4294967279,209
930,4
930,2
930,1
4294967279,208
929,4
4294967278,204
929,3
929,2
929,1
4294967294,413
4294967278,199
926,4
4294967279,198
926,3
926,2
926,1
4294967294,1454
4294967279,315
4294967279,339
4294967279,0
4294967279,187
4294967279,338
4294967294,968
4294967294,1052
4294967294,182
4294967278,251
4294967279,336
4294967279,172
4294967278,164
4294967278,429
4294967278,375
4294967278,159
4294967294,971
925,6
925,5
925,4
925,2
925,1
4294967278,374
4294967279,550
4294967294,404
4294967294,191
4294967278,373
4294967279,335
4294967278,417
4294967279,333
4294967278,372
923,5
4294967278,273
923,4
923,2
923,1
4294967279,271
922,4
922,3
922,2
922,1
4294967278,401
919,4
919,3
919,2
919,1
4294967294,1453
0,5
4294967279,525
4294967278,343
4294967279,332
4294967278,342
4294967279,331
4294967294,81
4294967294,50
4294967294,96
4294967294,94
4294967278,419
4294967294,8
4294967294,7
4294967294,6
4294967294,22
4294967294,9
4294967294,392
4294967294,46
4294967294,1423
4294967294,1
4294967294,0
4294967294,2
4294967294,92
4294967294,88
4294967294,86
4294967294,1086
4294967294,1083
4294967294,29
4294967294,28
4294967294,1053
4294967294,27
4294967294,429
4294967294,17
4294967294,67
4294967294,99
4294967294,76
4294967294,36
4294967294,425
4294967294,51
4294967294,52
4294967294,470
4294967294,25
4294967294,26
4294967294,39
4294967294,42
4294967294,93
4294967294,95
4294967293,131
4294967293,130
4294967293,129
4294967293,128
4294967293,127
4294967293,126
4294967293,125
4294967293,124
4294967293,123
4294967293,122
4294967293,121
4294967293,120
4294967293,119
4294967293,118
4294967293,117
4294967293,116
4294967293,115
4294967293,114
4294967293,113
4294967293,112
4294967293,111
4294967293,110
4294967293,109
4294967293,108
4294967293,107
4294967293,106
4294967293,105
4294967293,104
4294967293,103
4294967293,102
4294967293,101
4294967293,100
4294967293,99
4294967293,98
4294967293,97
4294967293,96
4294967293,95
4294967293,94
4294967293,93
4294967293,92
4294967293,91
4294967293,90
4294967293,89
4294967293,87
4294967293,86
4294967293,85
4294967293,84
4294967293,83
4294967293,82
4294967293,81
4294967293,80
4294967293,79
4294967293,78
4294967293,77
4294967293,76
4294967293,75
4294967293,74
4294967293,73
4294967293,72
4294967293,71
4294967293,70
4294967293,69
4294967293,68
4294967293,67
4294967293,66
4294967293,65
4294967293,64
4294967293,63
4294967293,62
4294967293,61
4294967293,60
4294967293,59
4294967293,58
4294967293,57
4294967293,56
4294967293,55
4294967293,54
4294967293,53
4294967293,52
4294967293,51
4294967293,50
4294967293,49
4294967293,48
4294967293,47
4294967293,46
4294967293,45
4294967293,44
4294967293,43
4294967293,42
4294967293,41
4294967293,40
4294967293,39
4294967293,38
4294967293,37
4294967293,36
4294967293,35
4294967293,34
4294967293,33
4294967293,32
4294967293,31
4294967293,30
4294967293,29
4294967293,28
4294967293,27
4294967293,26
4294967293,25
4294967293,24
4294967293,23
4294967293,22
4294967293,21
4294967293,20
4294967293,19
4294967293,18
4294967293,17
4294967293,16
4294967293,15
4294967293,14
4294967293,13
4294967293,12
4294967293,11
4294967293,10
4294967293,9
4294967293,8
4294967293,7
4294967293,6
4294967293,5
4294967293,4
4294967293,3
4294967278,346
4294967278,4
4294967279,132
4294967279,131
4294967279,130
4294967279,129
4294967279,128
4294967279,127
4294967279,126
4294967279,125
4294967279,121
4294967279,119
4294967279,118
4294967279,116
4294967279,114
4294967279,113
4294967279,111
4294967279,110
4294967279,109
4294967279,108
4294967279,107
4294967279,103
4294967279,101
4294967279,2
4294967279,99
4294967279,98
4294967279,97
4294967279,92
4294967279,90
4294967279,329
4294967279,86
4294967279,85
4294967278,353
4294967279,330
4294967279,243
4294967279,117
4294967279,106
4294967279,300
4294967279,96
4294967279,105
4294967279,104
4294967279,102
4294967279,100
918,6
918,5
918,4
918,2
918,1
4294967279,95
4294967279,94
4294967294,179
4294967294,410
4294967279,93
4294967279,91
4294967279,89
4294967279,87
4294967279,575
4294967278,288
4294967278,188
916,5
4294967279,189
916,4
4294967278,187
916,2
916,1
4294967278,321
4294967279,188
915,4
915,3
915,2
915,1
4294967279,183
4294967278,181
4294967278,180
4294967279,181
4294967278,179
4294967279,180
4294967278,177
912,4
912,3
912,2
912,1
4294967294,1046
4294967294,1452
4294967279,574
4294967278,137
4294967279,171
4294967278,411
4294967279,327
4294967278,376
4294967279,378
4294967279,166
4294967279,369
4294967279,326
4294967279,219
4294967279,368
4294967279,160
4294967279,159
4294967278,156
4294967278,155
4294967279,155
4294967278,150
4294967278,148
4294967279,148
4294967279,147
4294967278,371
4294967279,252
4294967278,140
4294967278,296
4294967278,370
